0 0.4000 0.0000
600 0.4421 0.0000
1200 0.4839 0.0000
1800 0.5251 0.0000
2400 0.5655 0.0000
3000 0.6046 0.0000
3600 0.6423 0.0000
4200 0.6783 0.0000
4800 0.7123 0.0000
5400 0.7440 0.0000
6000 0.7734 0.0000
6600 0.8001 0.0000
7200 0.8239 0.0000
7800 0.8447 0.0000
8400 0.8624 0.0000
9000 0.8768 0.0000
9600 0.8878 0.0000
10200 0.8953 0.0000
10800 0.8993 0.0000
11400 0.8998 0.0000
12000 0.8967 0.0000
12600 0.8901 0.0000
13200 0.8800 0.0000
13800 0.8664 0.0000
14400 0.8496 0.0000
15000 0.8296 0.0000
15600 0.8065 0.0000
16200 0.7806 0.0000
16800 0.7519 0.0000
17400 0.7207 0.0000
18000 0.6873 0.0000
18600 0.6518 0.0000
19200 0.6146 0.0000
19800 0.5758 0.0000
20400 0.5357 0.0000
21000 0.4947 0.0000
21600 0.4530 0.0000
22200 0.4110 0.0000
22800 0.3688 0.0000
23400 0.3269 0.0000
24000 0.2855 0.0000
24600 0.2449 0.0000
25200 0.2054 0.0000
25800 0.1674 0.0000
26400 0.1309 0.0000
27000 0.0964 0.0000
27600 0.0640 0.0000
28200 0.0340 0.0000
28800 0.0066 0.0000
29400 -0.0180 0.0000
30000 -0.0396 0.0000
30600 -0.0581 0.0000
31200 -0.0733 0.0000
31800 -0.0852 0.0000
32400 -0.0937 0.0000
33000 -0.0986 0.0000
33600 -0.1000 0.0000
34200 -0.0978 0.0000
34800 -0.0921 0.0000
35400 -0.0829 0.0000
36000 -0.0703 0.0000
36600 -0.0543 0.0000
37200 -0.0351 0.0000
37800 -0.0128 0.0000
38400 0.0124 0.0000
39000 0.0404 0.0000
39600 0.0709 0.0000
40200 0.1038 0.0000
40800 0.1388 0.0000
41400 0.1756 0.0000
42000 0.2140 0.0000
42600 0.2538 0.0000
43200 0.2946 0.0000
43800 0.3361 0.0000
44400 0.3781 0.0000
45000 0.4202 0.0000
45600 0.4622 0.0000
46200 0.5038 0.0000
46800 0.5446 0.0000
47400 0.5844 0.0000
48000 0.6229 0.0000
48600 0.6598 0.0000
49200 0.6948 0.0000
49800 0.7278 0.0000
50400 0.7584 0.0000
51000 0.7865 0.0000
51600 0.8119 0.0000
52200 0.8343 0.0000
52800 0.8536 0.0000
53400 0.8697 0.0000
54000 0.8825 0.0000
54600 0.8918 0.0000
55200 0.8977 0.0000
55800 0.9000 0.0000
56400 0.8987 0.0000
57000 0.8939 0.0000
57600 0.8856 0.0000
58200 0.8739 0.0000
58800 0.8588 0.0000
59400 0.8404 0.0000
60000 0.8189 0.0000
60600 0.7944 0.0000
61200 0.7671 0.0000
61800 0.7373 0.0000
62400 0.7050 0.0000
63000 0.6705 0.0000
63600 0.6341 0.0000
64200 0.5961 0.0000
64800 0.5567 0.0000
65400 0.5161 0.0000
66000 0.4748 0.0000
66600 0.4329 0.0000
67200 0.3907 0.0000
67800 0.3487 0.0000
68400 0.3070 0.0000
69000 0.2659 0.0000
69600 0.2258 0.0000
70200 0.1870 0.0000
70800 0.1496 0.0000
71400 0.1141 0.0000
72000 0.0805 0.0000
72600 0.0493 0.0000
73200 0.0205 0.0000
73800 -0.0055 0.0000
74400 -0.0287 0.0000
75000 -0.0489 0.0000
75600 -0.0658 0.0000
76200 -0.0795 0.0000
76800 -0.0897 0.0000
77400 -0.0965 0.0000
78000 -0.0997 0.0000
78600 -0.0994 0.0000
79200 -0.0955 0.0000
79800 -0.0881 0.0000
80400 -0.0773 0.0000
81000 -0.0630 0.0000
81600 -0.0455 0.0000
82200 -0.0248 0.0000
82800 -0.0011 0.0000
83400 0.0255 0.0000
84000 0.0547 0.0000
84600 0.0864 0.0000
85200 0.1203 0.0000
85800 0.1562 0.0000
86400 0.1939 0.0000
87000 0.2330 0.0000
87600 0.2732 0.0000
88200 0.3144 0.0000
88800 0.3562 0.0000
89400 0.3983 0.0000
90000 0.4404 0.0000
90600 0.4823 0.0000
91200 0.5235 0.0000
91800 0.5639 0.0000
92400 0.6031 0.0000
93000 0.6408 0.0000
93600 0.6769 0.0000
94200 0.7109 0.0000
94800 0.7428 0.0000
95400 0.7722 0.0000
96000 0.7990 0.0000
96600 0.8230 0.0000
97200 0.8439 0.0000
97800 0.8617 0.0000
98400 0.8763 0.0000
99000 0.8874 0.0000
99600 0.8951 0.0000
100200 0.8992 0.0000
100800 0.8998 0.0000
101400 0.8969 0.0000
102000 0.8904 0.0000
102600 0.8804 0.0000
103200 0.8670 0.0000
103800 0.8504 0.0000
104400 0.8305 0.0000
105000 0.8075 0.0000
105600 0.7817 0.0000
106200 0.7531 0.0000
106800 0.7220 0.0000
107400 0.6887 0.0000
108000 0.6533 0.0000
108600 0.6161 0.0000
109200 0.5773 0.0000
109800 0.5373 0.0000
110400 0.4964 0.0000
111000 0.4547 0.0000
111600 0.4126 0.0000
112200 0.3705 0.0000
112800 0.3286 0.0000
113400 0.2872 0.0000
114000 0.2465 0.0000
114600 0.2070 0.0000
115200 0.1688 0.0000
115800 0.1323 0.0000
116400 0.0977 0.0000
117000 0.0652 0.0000
117600 0.0352 0.0000
118200 0.0077 0.0000
118800 -0.0170 0.0000
119400 -0.0388 0.0000
120000 -0.0574 0.0000
120600 -0.0728 0.0000
121200 -0.0848 0.0000
121800 -0.0934 0.0000
122400 -0.0985 0.0000
123000 -0.1000 0.0000
123600 -0.0980 0.0000
124200 -0.0924 0.0000
124800 -0.0833 0.0000
125400 -0.0708 0.0000
126000 -0.0550 0.0000
126600 -0.0359 0.0000
127200 -0.0138 0.0000
127800 0.0113 0.0000
128400 0.0392 0.0000
129000 0.0697 0.0000
129600 0.1024 0.0000
130200 0.1373 0.0000
130800 0.1741 0.0000
131400 0.2125 0.0000
132000 0.2522 0.0000
132600 0.2929 0.0000
133200 0.3344 0.0000
133800 0.3764 0.0000
134400 0.4185 0.0000
135000 0.4606 0.0000
135600 0.5021 0.0000
136200 0.5430 0.0000
136800 0.5828 0.0000
137400 0.6214 0.0000
138000 0.6583 0.0000
138600 0.6935 0.0000
139200 0.7265 0.0000
139800 0.7573 0.0000
140400 0.7855 0.0000
141000 0.8109 0.0000
141600 0.8334 0.0000
142200 0.8529 0.0000
142800 0.8691 0.0000
143400 0.8820 0.0000
144000 0.8915 0.0000
144600 0.8975 0.0000
145200 0.8999 0.0000
145800 0.8988 0.0000
146400 0.8942 0.0000
147000 0.8860 0.0000
147600 0.8744 0.0000
148200 0.8594 0.0000
148800 0.8412 0.0000
149400 0.8198 0.0000
150000 0.7955 0.0000
150600 0.7683 0.0000
151200 0.7385 0.0000
151800 0.7063 0.0000
152400 0.6719 0.0000
153000 0.6356 0.0000
153600 0.5977 0.0000
154200 0.5583 0.0000
154800 0.5178 0.0000
155400 0.4764 0.0000
156000 0.4345 0.0000
156600 0.3924 0.0000
157200 0.3503 0.0000
157800 0.3086 0.0000
158400 0.2675 0.0000
159000 0.2274 0.0000
159600 0.1885 0.0000
160200 0.1511 0.0000
160800 0.1155 0.0000
161400 0.0818 0.0000
162000 0.0505 0.0000
162600 0.0216 0.0000
163200 -0.0046 0.0000
163800 -0.0279 0.0000
164400 -0.0481 0.0000
165000 -0.0652 0.0000
165600 -0.0790 0.0000
166200 -0.0894 0.0000
166800 -0.0963 0.0000
167400 -0.0996 0.0000
168000 -0.0995 0.0000
168600 -0.0957 0.0000
169200 -0.0885 0.0000
169800 -0.0778 0.0000
170400 -0.0637 0.0000
171000 -0.0462 0.0000
171600 -0.0257 0.0000
172200 -0.0021 0.0000
172800 0.0244 0.0000
173400 0.0535 0.0000
174000 0.0851 0.0000
174600 0.1189 0.0000
175200 0.1548 0.0000
175800 0.1923 0.0000
176400 0.2314 0.0000
177000 0.2716 0.0000
177600 0.3128 0.0000
178200 0.3545 0.0000
178800 0.3966 0.0000
179400 0.4387 0.0000
180000 0.4806 0.0000
180600 0.5219 0.0000
181200 0.5623 0.0000
181800 0.6015 0.0000
182400 0.6393 0.0000
183000 0.6755 0.0000
183600 0.7096 0.0000
184200 0.7416 0.0000
184800 0.7711 0.0000
185400 0.7980 0.0000
186000 0.8221 0.0000
186600 0.8432 0.0000
187200 0.8611 0.0000
187800 0.8757 0.0000
188400 0.8870 0.0000
189000 0.8948 0.0000
189600 0.8991 0.0000
190200 0.8999 0.0000
190800 0.8970 0.0000
191400 0.8907 0.0000
192000 0.8809 0.0000
192600 0.8676 0.0000
193200 0.8511 0.0000
193800 0.8313 0.0000
194400 0.8085 0.0000
195000 0.7828 0.0000
195600 0.7543 0.0000
196200 0.7233 0.0000
196800 0.6901 0.0000
197400 0.6547 0.0000
198000 0.6176 0.0000
198600 0.5789 0.0000
199200 0.5390 0.0000
199800 0.4980 0.0000
200400 0.4564 0.0000
201000 0.4143 0.0000
201600 0.3722 0.0000
202200 0.3302 0.0000
202800 0.2888 0.0000
203400 0.2481 0.0000
204000 0.2086 0.0000
204600 0.1703 0.0000
205200 0.1338 0.0000
205800 0.0991 0.0000
206400 0.0665 0.0000
207000 0.0363 0.0000
207600 0.0087 0.0000
208200 -0.0161 0.0000
208800 -0.0380 0.0000
209400 -0.0567 0.0000
210000 -0.0722 0.0000
210600 -0.0844 0.0000
211200 -0.0931 0.0000
211800 -0.0983 0.0000
212400 -0.1000 0.0000
213000 -0.0981 0.0000
213600 -0.0927 0.0000
214200 -0.0838 0.0000
214800 -0.0714 0.0000
215400 -0.0557 0.0000
216000 -0.0368 0.0000
216600 -0.0147 0.0000
217200 0.0103 0.0000
217800 0.0381 0.0000
218400 0.0684 0.0000
219000 0.1011 0.0000
219600 0.1359 0.0000
220200 0.1726 0.0000
220800 0.2109 0.0000
221400 0.2506 0.0000
222000 0.2913 0.0000
222600 0.3328 0.0000
223200 0.3747 0.0000
223800 0.4169 0.0000
224400 0.4589 0.0000
225000 0.5005 0.0000
225600 0.5414 0.0000
226200 0.5813 0.0000
226800 0.6199 0.0000
227400 0.6569 0.0000
228000 0.6921 0.0000
228600 0.7253 0.0000
229200 0.7561 0.0000
229800 0.7844 0.0000
230400 0.8099 0.0000
231000 0.8326 0.0000
231600 0.8522 0.0000
232200 0.8685 0.0000
232800 0.8816 0.0000
233400 0.8912 0.0000
234000 0.8973 0.0000
234600 0.8999 0.0000
235200 0.8989 0.0000
235800 0.8944 0.0000
236400 0.8864 0.0000
237000 0.8750 0.0000
237600 0.8601 0.0000
238200 0.8420 0.0000
238800 0.8207 0.0000
239400 0.7965 0.0000
240000 0.7694 0.0000
240600 0.7397 0.0000
241200 0.7076 0.0000
241800 0.6733 0.0000
242400 0.6371 0.0000
243000 0.5992 0.0000
243600 0.5599 0.0000
244200 0.5194 0.0000
244800 0.4781 0.0000
245400 0.4362 0.0000
246000 0.3941 0.0000
246600 0.3520 0.0000
247200 0.3103 0.0000
247800 0.2692 0.0000
248400 0.2290 0.0000
249000 0.1900 0.0000
249600 0.1526 0.0000
250200 0.1168 0.0000
250800 0.0831 0.0000
251400 0.0517 0.0000
252000 0.0227 0.0000
252600 -0.0036 0.0000
253200 -0.0270 0.0000
253800 -0.0474 0.0000
254400 -0.0646 0.0000
255000 -0.0785 0.0000
255600 -0.0890 0.0000
256200 -0.0961 0.0000
256800 -0.0996 0.0000
257400 -0.0995 0.0000
258000 -0.0960 0.0000
258600 -0.0888 0.0000
259200 -0.0783 0.0000
259800 -0.0643 0.0000
260400 -0.0470 0.0000
261000 -0.0266 0.0000
261600 -0.0031 0.0000
262200 0.0233 0.0000
262800 0.0523 0.0000
263400 0.0838 0.0000
264000 0.1175 0.0000
264600 0.1533 0.0000
265200 0.1908 0.0000
265800 0.2298 0.0000
266400 0.2700 0.0000
267000 0.3111 0.0000
267600 0.3529 0.0000
268200 0.3949 0.0000
268800 0.4371 0.0000
269400 0.4789 0.0000
270000 0.5202 0.0000
270600 0.5607 0.0000
271200 0.6000 0.0000
271800 0.6379 0.0000
272400 0.6740 0.0000
273000 0.7083 0.0000
273600 0.7404 0.0000
274200 0.7700 0.0000
274800 0.7970 0.0000
275400 0.8212 0.0000
276000 0.8424 0.0000
276600 0.8604 0.0000
277200 0.8752 0.0000
277800 0.8866 0.0000
278400 0.8946 0.0000
279000 0.8990 0.0000
279600 0.8999 0.0000
280200 0.8972 0.0000
280800 0.8910 0.0000
281400 0.8813 0.0000
282000 0.8682 0.0000
282600 0.8518 0.0000
283200 0.8322 0.0000
283800 0.8095 0.0000
284400 0.7838 0.0000
285000 0.7555 0.0000
285600 0.7246 0.0000
286200 0.6914 0.0000
286800 0.6562 0.0000
287400 0.6191 0.0000
288000 0.5805 0.0000
288600 0.5406 0.0000
289200 0.4997 0.0000
289800 0.4580 0.0000
290400 0.4160 0.0000
291000 0.3739 0.0000
291600 0.3319 0.0000
292200 0.2904 0.0000
292800 0.2497 0.0000
293400 0.2101 0.0000
294000 0.1718 0.0000
294600 0.1352 0.0000
295200 0.1004 0.0000
295800 0.0678 0.0000
296400 0.0375 0.0000
297000 0.0098 0.0000
297600 -0.0152 0.0000
298200 -0.0372 0.0000
298800 -0.0560 0.0000
299400 -0.0717 0.0000
300000 -0.0840 0.0000
300600 -0.0928 0.0000
301200 -0.0982 0.0000
301800 -0.1000 0.0000
302400 -0.0983 0.0000
303000 -0.0930 0.0000
303600 -0.0842 0.0000
304200 -0.0720 0.0000
304800 -0.0564 0.0000
305400 -0.0376 0.0000
306000 -0.0156 0.0000
306600 0.0092 0.0000
307200 0.0369 0.0000
307800 0.0671 0.0000
308400 0.0997 0.0000
309000 0.1345 0.0000
309600 0.1711 0.0000
310200 0.2093 0.0000
310800 0.2489 0.0000
311400 0.2896 0.0000
312000 0.3311 0.0000
312600 0.3730 0.0000
313200 0.4152 0.0000
313800 0.4572 0.0000
314400 0.4988 0.0000
315000 0.5398 0.0000
315600 0.5797 0.0000
316200 0.6184 0.0000
316800 0.6555 0.0000
317400 0.6907 0.0000
318000 0.7240 0.0000
318600 0.7549 0.0000
319200 0.7833 0.0000
319800 0.8090 0.0000
320400 0.8317 0.0000
321000 0.8514 0.0000
321600 0.8679 0.0000
322200 0.8811 0.0000
322800 0.8909 0.0000
323400 0.8971 0.0000
324000 0.8999 0.0000
324600 0.8991 0.0000
325200 0.8947 0.0000
325800 0.8868 0.0000
326400 0.8755 0.0000
327000 0.8608 0.0000
327600 0.8428 0.0000
328200 0.8216 0.0000
328800 0.7975 0.0000
329400 0.7706 0.0000
330000 0.7410 0.0000
330600 0.7090 0.0000
331200 0.6748 0.0000
331800 0.6386 0.0000
332400 0.6007 0.0000
333000 0.5615 0.0000
333600 0.5210 0.0000
334200 0.4798 0.0000
334800 0.4379 0.0000
335400 0.3958 0.0000
336000 0.3537 0.0000
336600 0.3119 0.0000
337200 0.2708 0.0000
337800 0.2306 0.0000
338400 0.1916 0.0000
339000 0.1540 0.0000
339600 0.1182 0.0000
340200 0.0845 0.0000
340800 0.0529 0.0000
341400 0.0238 0.0000
342000 -0.0026 0.0000
342600 -0.0261 0.0000
343200 -0.0466 0.0000
343800 -0.0640 0.0000
344400 -0.0780 0.0000
345000 -0.0887 0.0000
345600 -0.0958 0.0000
346200 -0.0995 0.0000
346800 -0.0996 0.0000
347400 -0.0962 0.0000
348000 -0.0892 0.0000
348600 -0.0788 0.0000
349200 -0.0649 0.0000
349800 -0.0478 0.0000
350400 -0.0274 0.0000
351000 -0.0041 0.0000
351600 0.0222 0.0000
352200 0.0511 0.0000
352800 0.0825 0.0000
353400 0.1162 0.0000
354000 0.1518 0.0000
354600 0.1893 0.0000
355200 0.2282 0.0000
355800 0.2684 0.0000
356400 0.3094 0.0000
357000 0.3512 0.0000
357600 0.3933 0.0000
358200 0.4354 0.0000
358800 0.4773 0.0000
359400 0.5186 0.0000
360000 0.5591 0.0000
360600 0.5984 0.0000
361200 0.6364 0.0000
361800 0.6726 0.0000
362400 0.7070 0.0000
363000 0.7391 0.0000
363600 0.7689 0.0000
364200 0.7960 0.0000
364800 0.8203 0.0000
365400 0.8416 0.0000
366000 0.8598 0.0000
366600 0.8747 0.0000
367200 0.8862 0.0000
367800 0.8943 0.0000
368400 0.8989 0.0000
369000 0.8999 0.0000
369600 0.8974 0.0000
370200 0.8913 0.0000
370800 0.8818 0.0000
371400 0.8688 0.0000
372000 0.8525 0.0000
372600 0.8330 0.0000
373200 0.8104 0.0000
373800 0.7849 0.0000
374400 0.7567 0.0000
375000 0.7259 0.0000
375600 0.6928 0.0000
376200 0.6576 0.0000
376800 0.6206 0.0000
377400 0.5821 0.0000
378000 0.5422 0.0000
378600 0.5013 0.0000
379200 0.4597 0.0000
379800 0.4177 0.0000
380400 0.3756 0.0000
381000 0.3336 0.0000
381600 0.2921 0.0000
382200 0.2514 0.0000
382800 0.2117 0.0000
383400 0.1733 0.0000
384000 0.1366 0.0000
384600 0.1018 0.0000
385200 0.0690 0.0000
385800 0.0386 0.0000
386400 0.0108 0.0000
387000 -0.0142 0.0000
387600 -0.0363 0.0000
388200 -0.0554 0.0000
388800 -0.0711 0.0000
389400 -0.0836 0.0000
390000 -0.0925 0.0000
390600 -0.0980 0.0000
391200 -0.1000 0.0000
391800 -0.0984 0.0000
392400 -0.0933 0.0000
393000 -0.0846 0.0000
393600 -0.0725 0.0000
394200 -0.0571 0.0000
394800 -0.0384 0.0000
395400 -0.0166 0.0000
396000 0.0082 0.0000
396600 0.0357 0.0000
397200 0.0659 0.0000
397800 0.0984 0.0000
398400 0.1330 0.0000
399000 0.1696 0.0000
399600 0.2078 0.0000
400200 0.2473 0.0000
400800 0.2880 0.0000
401400 0.3294 0.0000
402000 0.3713 0.0000
402600 0.4135 0.0000
403200 0.4555 0.0000
403800 0.4972 0.0000
404400 0.5381 0.0000
405000 0.5781 0.0000
405600 0.6168 0.0000
406200 0.6540 0.0000
406800 0.6894 0.0000
407400 0.7227 0.0000
408000 0.7537 0.0000
408600 0.7822 0.0000
409200 0.8080 0.0000
409800 0.8309 0.0000
410400 0.8507 0.0000
411000 0.8673 0.0000
411600 0.8807 0.0000
412200 0.8905 0.0000
412800 0.8970 0.0000
413400 0.8998 0.0000
414000 0.8992 0.0000
414600 0.8949 0.0000
415200 0.8872 0.0000
415800 0.8760 0.0000
416400 0.8614 0.0000
417000 0.8436 0.0000
417600 0.8225 0.0000
418200 0.7985 0.0000
418800 0.7717 0.0000
419400 0.7422 0.0000
420000 0.7103 0.0000
420600 0.6762 0.0000
421200 0.6401 0.0000
421800 0.6023 0.0000
422400 0.5631 0.0000
423000 0.5227 0.0000
423600 0.4814 0.0000
424200 0.4396 0.0000
424800 0.3975 0.0000
425400 0.3554 0.0000
426000 0.3136 0.0000
426600 0.2724 0.0000
427200 0.2322 0.0000
427800 0.1931 0.0000
428400 0.1555 0.0000
429000 0.1196 0.0000
429600 0.0858 0.0000
430200 0.0541 0.0000
430800 0.0250 0.0000
431400 -0.0016 0.0000
432001 -0.0253 0.0000
